start=919.966667
volume=108.000000
